0 0
2 5 6 46 327
3 7 8 9 10 11 61 62 291 323 324 328 329
4 12 13 14 15 16 17 165 237 329 330 331 332 333 334 335 336
5 1 2 3 4
6 18 311 312 313 314 315 316 317 318 327
7 19
8 20 341 342 343 344 345 346 347 348
10 21
11 22
12 23 24 25 26 27 142 351
13 8 28 29
14 5 6 30
15 31 53 104 180 210 301 350
16 32 33 180 310 322 356
17 9
19 18 35 36 311 312 313 314 315 316 317 318 323 324 327 338
20 37 38 39 84 367 368 369 370 371 372 373 374 375
21 40
22 41 53 141 223 310 376 377 378
23 5 6 15 42 379 380 381 382
25 43 44 45 210 336 350
26 21 46 67 323 324 383 384
27 8 18 35 47 311 312 313 314 315 316 317 318 327 338
29 13 16
30 18 51 311 312 313 314 315 316 317 318 395 396
31 46 52 115
32 53 54 398 399
33 55
34 38 56 375 395
35 57 329
36 0 18 51 58 84 92 167 311 312 313 314 315 316 317 318 327 367 368 369 370 371 372 373 374 401 402
37 41 44 46 53 104 108 114 134 135 140 141 142 143 150 151 161 180 210 291 320 321 322 328 350 352 358 365 377 378 403 404 405 406 407 408 409 410 411
38 7 8 9 11 25 48 53 57 59 60 61 62 63 64 65 100 129 134 135 140 247 323 324 328 329 352 366 377 378 386 387 388 389 415 416 417 418 419
39 66
40 67
41 46 68 69 323 324 383 420
42 51 367 368 369 370 371 372 373 374
43 70 115 140 323 324 329 366 386 387 388 389
44 46 53 71 72 395 421
45 73 210 328 350
46 74 75 76 104 114 134 180 210 291 350 352 423
47 22 37 40 65 67 77 78 79 80 81 118 171 328 341 342 343 344 345 346 347 348 383 416 417 418 419 424 425 426 427 428 429 430
48 20 341 342 343 344 345 346 347 348 366
49 0 8 37 82 83 84 85 86 87 357 431
50 78 118
51 43 44 336 432
52 5 6 88 359 360 366 383
53 5 6 14 15 89 379 380
54 8 90
55 10
56 91 92 93
57 18 38 56 94 167 311 312 313 314 315 316 317 318 375 434
58 5 6 46
59 95 96 97 98 264 328 341 342 343 344 345 346 347 348
60 5 6 46 99 329
61 100 101 102
62 41 53 103 210 350
63 53 104
64 6 99 105 106
65 18 38 94 311 312 313 314 315 316 317 318 375 434
66 68 69 323 324
67 31 107 108 109 110 111 112 113 210 310 350 365 408
68 53 114 140 141 142 143 150 180 181 291 322 358 365 377 378 404 441 442
69 6 115 323 324
70 6 99 105 106
71 6 99 105 106
72 116 117
73 38 130 319 375 443
74 7
75 43 44 45 78 118 210 350
76 5 6 14 15 42 45 88 89 119 120
77 8 264
79 36 51 93 139 338 445 446
80 36 58 121 122 123 124 125 327 367 368 369 370 371 372 373 374 375
81 41 53 107 114 126 127 128 129 150 180 247 310 322 365 397 404
82 7 9
83 8
84 130 139 375 445
85 7 8 9 11 51 92 131 135 210 327 350 444
86 53 88 104 114 132 133 134 143 180 210 223 320 341 342 343 344 345 346 347 348 350 352 353 358 377 378 447
87 5 6 383
88 41 53 104 134 135 136 141 352 377 378 422
89 5 6 14 15 50 88 137
90 18 51 53 83 87 121 138 139 188 311 312 313 314 315 316 317 318 333 334 379 380 395 415 428 449 450 451
91 38 46 56 94 139 375
92 41 53 104 140 141 142 143 150 180 210 212 320 350 358 365 404 408 452
93 41 53 107 108 109 112 114 134 143 210 350 352 358 377 378 404
94 5 6 46 99
95 5 6 46 55 115 143 323 324 329 358 383 384
96 140 144
97 43 90
98 8 11 53 60 61 62 63 65 104 114 127 134 135 136 145 146 147 150 182 352 377 378 408 416 417 418 419 422
99 0 71 327
100 8
101 53 65 80 288 328 416 417 418 419 458
102 5 6 14 15 45 89 119
103 7 18 51 143 311 312 313 314 315 316 317 318 327 358 434 459
104 1 2 3 4
105 5 6
106 8
107 23 26 67 78 104 326
108 8 11 60 61 62 63 291
109 43
110 53 96 148 180
111 72 93 100 135 149 291
112 7 43 75 78 90 140 210 218 337 350 376
113 100 149
114 41 53 104 107 113 114 134 135 140 141 142 143 150 151 210 212 291 350 352 358 365 377 378 404 406 407 408
115 0 36 46 51 58 152 153 154 155 156 157 327 338 367 368 369 370 371 372 373 374
116 33 158 159 160
117 37 41 75 108 128 161 180 210 350 442
118 71 118
119 96 98 341 342 343 344 345 346 347 348
120 109 405
121 162 323 324 366 386 387 388 389 461 462
122 163 193
123 36 58 327 338 367 368 369 370 371 372 373 374
124 11 18 36 58 60 61 62 63 139 164 165 166 239 327 375 395
125 5 6 8 18 46 47 51 55 58 82 139 167 168 311 312 313 314 315 316 317 318 327 367 368 369 370 371 372 373 374 375 444 448
126 48 64 169 247 323 324 329 386 387 388 389
127 148 170 210 350
128 18 36 58 246 311 312 313 314 315 316 317 318 338 375 434 459
129 8 10 51
130 7 10 11
131 106 171 339 341 342 343 344 345 346 347 348 424
132 43 44 92 118
133 172 209 218 329
134 7
135 8 9 28 82 173
136 40 53 65 67 81 142 283 328 341 342 343 344 345 346 347 348 359 360 365 424 427 429 472
137 9 18 66 174 175 176 177 178 179 367 368 369 370 371 372 373 374
138 41 53 107 108 109 112 114 126 127 128 129 161 180 310 322 365 403 404
139 41 53 104 107 110 111 134 136 150 181 352 377 378 422 452
140 14 15 53 81 128 182 183 283 477
141 37 48 64 82 85 169 184 185 186 187 478
142 41 53 109 126 129 322
143 31 41 109 126 180 291 310 403
144 44 53 74 76 114 128 134 135 140 150 180 210 322 327 350 352 365 377 378
145 5 6 8
146 8 36 51 190 228 327 338
147 188 189 190 191 192 337 379 380
148 182 193 194
149 22 341 342 343 344 345 346 347 348
150 22
151 7 14 15 22 41 43 44 53 64 65 78 80 81 90 96 97 103 104 114 126 143 169 180 183 195 210 291 322 328 329 350 358 376 403 432 442 480 481
152 116 155 196 197 198 199 200
153 18 51 58 131 311 312 313 314 315 316 317 318 396
154 7 10 37 51 139 366 445 482
155 13 18 36 82 201 234 239 311 312 313 314 315 316 317 318 327 395 434
156 8
157 8 11 25 60 61 62 63 65 106 150 202 203 328 339 416 417 418 419 486
158 14 149
159 92 93
160 41 53 104 291
161 8 11 60 61 62 63
162 46 55 67 204 383 487 488
163 10 11 61 62
164 7 9 178
165 88 205
166 5 6 21 46 50 53 55 204 323 324 327 329 386 387 388 389
167 46 206 490
168 7 10 66 207 327
169 7 201
170 6 99 105 106 491
171 64 115 209 323 324 329 383
172 46 323 324
173 0 53 104 108 142 161 327 365 377 378
174 0 9 13 16 18 36 94 115 121 165 178 180 208 209 216 234 237 239 311 312 313 314 315 316 317 318 327 332 367 368 369 370 371 372 373 374 395 444 449
175 41 53 104 110 111 114 135 140 141 143 180 210 291 350 358 365 377 378
176 46 55 204
177 7
179 6 33 88 120 375
180 6 99 105 106
181 5 6 8 28 29 46 50 104 386 387 388 389
182 8 95 327 338
183 31 41 53 104 107 109 114 134 135 136 140 141 142 150 180 181 210 211 212 291 310 350 352 365 377 378 403 408 422 442 452 492
184 7 66
185 20 193
186 8 36 138 338
187 43 44 45
188 9 178 213 214 215 216
189 1 5 26 88 92 115 323 324 329 336 351 359 360 366 377 378 383 384 385 426
190 46
191 38 56 209 375
192 43 44 92
193 43 44 46 66 99 105 106 336 493
194 41 53 104 107 135 140 141 142 210 291 310 350 365 408 494
195 6 81 115
196 5 6
197 88 132 205 217 353
198 9 178
199 134 136 143 210 350 352 358 377 378
200 20
201 36 46 51 58 327 338 367 368 369 370 371 372 373 374
202 5 6 46
203 72 100 218
204 23 26 53 104 219 220 223 264 291 319 323 324 327 351 366 404
205 104 221 365
206 219 220
207 5 6 14 15 42 45 89 119
208 8 327 383 399
209 20 23 36 104 182 193 194 219 220
210 13 234 239
211 13 16
212 8 11 60 61 62 63 134 352
213 41 53 104 107 113 114 134 136 140 142 143 150 151 180 210 212 310 320 350 352 358 377 378 403 404 422 427
214 136 222 377 378 422
215 53
216 53 72 100 134 135 149 210 218 328 350 352 434
217 164 375 497
218 5 6 50 386 387 388 389
219 70 162 323 324 435 436 437 461
220 5 6
221 8 11 60 61 62 63 328 486
222 8 115
223 8 28 29 104 121 223
224 224 225 226
225 21 46 55 323 324
226 148 170
227 41 107 108 109 112 126 161 180 442
228 35 69
229 43 44
230 95
231 227
232 41 53 104 134 135 136 140 141 143 202 210 291 350 352 358 365 377 378 406 407 408 422 498 499
233 18 35 36 58 92 115 152 167 228 311 312 313 314 315 316 317 318 327 338 367 368 369 370 371 372 373 374 500
234 53 219 229 501
235 18 311 312 313 314 315 316 317 318
236 22
237 11 60 61 62 63 104 145 195 230 328 486
238 104 140 193
239 43 44
240 70 114 323 324 366 386 387 388 389
241 36 58 92 209 228 327 338 367 368 369 370 371 372 373 374
242 57 503
243 43 44 45 336
244 5 6 88
245 13 16
246 9
247 53 150
248 231
249 5 6 14 15 42 45 88 89 119 120 135 190 232 331 383 487
250 8 9 47 138 139 233 234 235 236 237 238 239 240 241 242 243 395 415 445 504 505 506 507 508 509 510
251 94 208 209 367 368 369 370 371 372 373 374
252 53 104 107 114 134 136 140 210 222 291 310 350 352 365 377 378 408 422
253 70 162 244 366 386 387 388 389 438 461
254 1 2 3 4
255 1 323 324
256 1 2 3 4
257 1 2 3 4
258 11 26 60 61 62 63 64 78 351
259 104 245
260 53 104 182 209 221
261 7
262 5 6
263 5 6 323 324
264 5 6 51 367 368 369 370 371 372 373 374
265 175 176 179
266 22
267 18 157 167 209 234 239 246 311 312 313 314 315 316 317 318 327 338 367 368 369 370 371 372 373 374 434 444
268 5 6 30 264 359 360 366 383
269 5 6 14 15 23 42 188 359 360 366 379 380
270 8 10
271 22 44 53 81 90 96 104 108 161 328 403 480
272 8 10 357
273 41 104 110 111 115 128 129 136 180 222 247 322 329 341 342 343 344 345 346 347 348 357 397 422
274 7 8 327
275 28 34 47 71 72
276 23 26
277 7 8 11 25 35 60 61 62 63 65 104 134 182 209 337 352 377 378 416 417 418 419 486 487
278 46 55 204
279 109 114 126 180 310
280 41 53 104 107 108 109 113 136 140 142 150 151 161 210 212 310 350 365 377 378 403 408 422
281 5 6 30 115 264
282 41 53 104 109 135 143 210 247 248 249 322 350 358 514 515
283 8 18 36 51 190 191 311 312 313 314 315 316 317 318 327 338
284 31 202 492 493
285 5 6 14 15 89
286 8 9 11 53 60 61 62 63 65 97 115 134 135 136 137 140 141 143 180 182 209 210 250 251 252 291 319 322 328 350 352 358 359 360 375 379 380 416 417 418 419 422 448 454 455 486 487 516 517 518 519
287 43 44 45 336
288 1 2 3 4 5 6 88 216 323 324 366 386 387 388 389 426
289 41 126 127 134 135 142 143 150 180 291 352 358 365 377 378
290 43 44 45
291 36 43 44 46
292 6 49 100 115 264 323 324 356 386 387 388 389
293 49 100 323 324
294 20 150 180 210 341 342 343 344 345 346 347 348 350
295 5 6 50 366 386 387 388 389
296 32 75 114 148 170 405
297 8 18 311 312 313 314 315 316 317 318 338 395
298 7 11 60 61 62 63 328 379 380
299 8 51 203 379 380
300 5 6 46 68 69 168 264
301 13 16 18 164 234 239 311 312 313 314 315 316 317 318 395 521 522 523 524
302 44 72 100 218 337
303 41 53 135
304 6 99 105 106 491
305 253 310 323 324 454 455 456
306 104 114 128 310 525
307 53
308 53 107 134 135 140 142 143 210 254 291 310 326 350 352 358 377 378 403 404 482
309 20 29 104 182 221 255 256 367 368 369 370 371 372 373 374 475
310 41 53 134 328 352
311 13 16 36 165 166 167 234 235 236 237 238 239 240 241 327 332 367 368 369 370 371 372 373 374 434 497
312 6 99 224 225 226
313 8
314 37 38 139 266 375 445 463 526 527 528
315 43 90
316 26 182 193 194 351
317 257 258 259 260 338 578
318 8 46 323 324 415 529 530 531 532
319 257 258 259 260 574
320 18 51 58 261 311 312 313 314 315 316 317 318 338
321 5 6 48 49 88 323 324 359 360 426
322 18 311 312 313 314 315 316 317 318 327 338 359 360
323 0 18 35 36 86 311 312 313 314 315 316 317 318 327 338 459
325 49 70 377 378 438
326 18 311 312 313 314 315 316 317 318
327 72 100
328 13 16 46 115 139 262 263 264 381 445 536
329 64 67 84 143 167 358 366
330 53 104 202
331 0 5 6 30 167 444 448
332 8
333 23 53 104 108 136 161 180 182 194 222 365 422 537
334 53 67 194
335 11 60 61 62 63 134 250 291 328 352
336 53 104 107 114 128 142 143 150 181 212 247 310 358 365 403 404
337 80 94 208 209 367 368 369 370 371 372 373 374
338 8 357 538
339 121
340 7 28 82
341 78 108 109 118 161 180
342 78 118 134 352 425
343 18 311 312 313 314 315 316 317 318
344 1 2 3 4 92 193 254 323 324 539
345 8 444
346 51 91 92 93 396
347 258 354
348 22 41 44 53 65 67 77 78 98 103 104 107 108 109 112 113 114 126 127 134 135 140 141 142 143 151 161 171 180 181 206 210 303 310 328 336 337 339 341 342 343 344 345 346 347 348 349 350 352 358 365 400 403 404 408 416 417 418 419 427 486 492 494 540
349 8 18 311 312 313 314 315 316 317 318 338
350 15
351 202
352 5 6
353 9
354 51 367 368 369 370 371 372 373 374 396 434
355 11 37 41 43 44 65 66 67 80 81 107 114 118 265 310 328 357 359 360 416 417 418 419 427 533 534
356 99 105 106
357 9 18 100 311 312 313 314 315 316 317 318
358 5 6 15
359 5 6 46 55 68 69 115 204 243 264 321 323 324 366 383 385 386 387 388 389
360 168
361 46 415 529 530 531 532
362 148 170
363 35 69 266
364 1 2 3 4
365 267 337 542 543
366 18 20 84 143 209 311 312 313 314 315 316 317 318 328 329 341 342 343 344 345 346 347 348 358 366 544
367 5 6 115 121 223
368 11 61 62 72 328
369 53 104 106 134 135 140 141 210 350 352 365 377 378 545
370 8 37 53 104 107 108 109 112 134 140 161 180 310 352 365 494
371 18 37 51 131 268 311 312 313 314 315 316 317 318 338 396
372 5 6 88
373 22 43 44
374 43 44 45
375 8 46 210 323 324 350 383 386 387 388 389
376 43
377 8 11 328
378 5 6 68 69 72 243
379 8 357
380 0 37 167 365 367 368 369 370 371 372 373 374
381 7 8 9 11 25 35 60 61 62 63 92 97 182 250 328 339 486
382 9
383 1 2 3 4
384 5 6 26 68 69 351 366
385 43 44
386 40 101
387 53 70 162 209 323 324 329 359 360 366 386 387 388 389 435 436 437 438
388 5 6 44 366 386 387 388 389 444
389 5 6 44 46 50 64 115 168 264 323 324 336 337 366 383 386 387 388 389 444 448 450 451
390 46 48 64 327 329
391 5 6 50 323 324 386 387 388 389
392 50 53 100 115 264 323 324 386 387 388 389
393 5 6 115 323 324
394 72 100 149 218 400
395 135 266
396 20 23 182 193 194 219
397 20 182 194
398 8 35 36 46 51 58 84 190 191 338
399 130 135 140 269 291 377 378 443 483 484
400 90 218 337
401 0 18 36 58 84 261 311 312 313 314 315 316 317 318 327 338 367 368 369 370 371 372 373 374 375 481 521 522 523 524 552 553
402 5 6 323 324
403 72 78 100 149 218
404 0 7 53 58
405 43 44 45
406 1 53 91 92 93 104 108 134 135 161 193 352 366 554
407 8 9 28 173
408 11 60 61 62 63
409 0 13 18 139 233 234 235 236 237 238 239 240 241 242 311 312 313 314 315 316 317 318 445
410 47
411 8 139 167 357 445
412 8
413 31 53 104 114 134 135 140 141 142 143 180 210 212 291 310 350 352 358 365 366 408
414 18 311 312 313 314 315 316 317 318
415 270 271
416 23 24 26 27 41 53 114 120 142 232 272 291 351 486 555
417 72 100 218 538
418 34 46 50
419 35 36 58 152 209 327 338
420 41 53 135
421 5 6
422 8 323 324
423 8 329
424 41 108 161
425 1 48 57 64 169 329 357 366 376 558 559
426 38 51 56 130 139 375 445
427 48 49 88 323 324 329
428 91 92 93
429 13 18 44 71 72 234 239 273 274 275 276 277 278 279 280 281 311 312 313 314 315 316 317 318 326 395 560 561
430 46 168 321 323 324 448
431 91 92 93
432 5 6 115 168 224 225 226 323 324
433 7 10 66 99 105 106 266 364
434 10 66 90 91 92 93
435 13 46 121 138 234 239 264 366 399 428 450 451 463 560
436 6 46 106 400 491
437 22 95 341 342 343 344 345 346 347 348
438 5 6 30 209 338 390 391 392 393
439 1 2 3 4 92 291 323 324 337 359 360 367 368 369 370 371 372 373 374
440 43 44
441 11 60 61 62 63 140 141 210 323 324 328 350
442 40
443 38 56 94 139 375 445
444 64 70 323 324 329 366 386 387 388 389 438
445 282
446 5 6 8 28 29 50 101 168 266
447 14 15 37 41 44 53 65 66 67 78 80 104 107 114 118 128 149 180 216 258 265 283 288 310 322 323 324 328 341 342 343 344 345 346 347 348 354 395 400 403 416 417 418 419 424 426 427 458 472 497
448 9 14 22 37 41 43 44 53 65 66 67 77 78 80 81 96 97 98 103 104 106 107 109 114 118 126 128 149 158 180 232 248 258 265 283 310 328 336 354 357 359 360 383 403 416 417 418 419 424 425 426 429 454 455 456 472 563 564
449 0 8 138 139 327 338 445 505 506 507 508 509 510
450 8
451 13 72 166 233 234 235 236 237 238 239 240 241 242 243 277 284 285 286
452 21 46 55 204 323 324
453 8
454 7 153 154 155 156 157
455 18 38 56 94 311 312 313 314 315 316 317 318 375 434
456 13 46 53 182 329 365 477
457 10 18 66 90 207 311 312 313 314 315 316 317 318
458 21 46 55
459 8 139 167 445
460 5 6 9 18 21 26 36 44 46 68 69 115 139 168 178 243 258 287 311 312 313 314 315 316 317 318 323 324 327 351 354 367 368 369 370 371 372 373 374 386 387 388 389 445 448
461 258 354 359 360
462 7 10 43 44
463 35 40
464 13 16 134 352 376
465 0 13 16 18 311 312 313 314 315 316 317 318 376 463
466 18 58 167 246 311 312 313 314 315 316 317 318 327 338 434 444 553
467 5 6 46 88 329
468 21 37 46 55 204
469 28 53
470 72 100 218
471 23 26 53 104 114 140 209 338 351
472 5 6 46 88 323 324 366 383
473 53 65 72 100 149 218 327 416 417 418 419
474 38 56 375
475 8
476 1 2 3 4
477 5 6 18 46 209 311 312 313 314 315 316 317 318 359 360 434
478 7 53 134 329 352
479 288 349 458 495
480 23 24 26 27 351
481 18 36 51 58 153 154 155 156 157 167 261 311 312 313 314 315 316 317 318 338 367 368 369 370 371 372 373 374 401 402 459 521 522 523 524 553 569 570 571
482 38 94 208 209 444
483 9 216
484 9 11 61 62 134 182 352
485 38 56 94 139 375 445
486 1 2 3 4 53 115 118 193 209 210 323 324 350 366 539 572 573 574
487 70 323 324 435 436 437 438 575
488 43 44 336
489 8 20 96 202 366
490 43 44 336
491 7 8
492 67
493 38 56 71 72 94 167 207 289 323 324
494 18 35 36 51 58 84 92 139 152 311 312 313 314 315 316 317 318 327 338 367 368 369 370 371 372 373 374 445
495 91 92 93
496 6 104 115 337 349 515
497 70 115 118 134 143 182 193 323 324 329 336 337 352 358 366 386 387 388 389 435 436 437 438
498 1 2 3 4
499 290
500 53 134 135 136 180 211 222 291 322 352 365 404 422 514
501 46 55 204 323 324 386 387 388 389
502 5 6 14 15 20 42 121 323 324 359 360 367 368 369 370 371 372 373 374 379 380 383
503 107 377 378
504 6 72 100
505 53 78 118 121 328 339 341 342 343 344 345 346 347 348 424 486 577
506 8 11 53 60 61 62 63 100 134 141 145 182 210 250 328 349 350 352 377 378
507 9 178 216
508 104 136 222 422 441 514
509 94 208 209
510 65 95 328 341 342 343 344 345 346 347 348 359 360 416 417 418 419 424 472
511 6 115
512 53 54 104 114 140 143 210 291 350 358 366 377 378 475
513 8 28 29 33
514 1 5 6 30 92 323 324 359 360 366
515 41 110 111 141 143 150 291 358 377 378 404
516 53 104 136 222 422
517 107 108 109 112 126 140 151 310
518 5 6 8 28 29 47 101 104
519 43 44 45 336
520 26 44 66 351
521 53 104 219 229 327 338 541
522 84 167 434
523 20 218 292 341 342 343 344 345 346 347 348 366
524 31 65 80 104 108 114 118 128 136 143 161 180 288 291 310 328 356 358 365 416 417 418 419 422 424 442 458
525 43 44 45 108 161 210 336 350
526 78 180 341 342 343 344 345 346 347 348
527 18 51 209 311 312 313 314 315 316 317 318 327 434 459
528 18 311 312 313 314 315 316 317 318
529 13
530 57 64 323 324 329 366
531 24 27
532 5 6 9 46 99 105 106 178 323 324 386 387 388 389 491
533 49
534 9 28 82 87 173
535 1 2 3 4
536 1 2 3 4
537 38 56 209 338
538 11 60 61 62 63
539 0 1 8 9 92 93 166 178 216 228 293 294 327 449
540 41 114 136 150 151 291 310 365 422
541 5 6 14 15 42 88 115 120 383
542 8 11 61 62 139 445 538
543 5 6 88 323 324 359 360
544 81 192 295 296 297 298 477 580
545 6 99 105 106
546 6 115
547 20 41 44 53 98 114 135 180 212 223 248 291 299 300 301 322 328 341 342 343 344 345 346 347 348 359 360 365 377 378 404 408 515 581
548 43 65 66 80 81 97 98 121 126 138 148 195 302 303
549 14 15 42 45 46 119
550 18 46 311 312 313 314 315 316 317 318 327 338 434
551 7 8
552 18 38 311 312 313 314 315 316 317 318 375
553 20 43 90
554 67
555 303
556 11 60 61 62 63 328
557 140
558 5 6 323 324
559 0 8 18 36 51 58 152 228 311 312 313 314 315 316 317 318 327 338
560 5 6 9 28 46 53 55 136 142 204 304 323 324 327 329 336 386 387 388 389 422
561 13 293 294 584
562 31 41 53 81 103 104 107 113 134 136 140 352 365 422 430
563 31 41 53 65 81 104 107 108 109 112 114 126 127 134 136 140 142 143 150 151 180 181 183 210 212 310 322 350 352 358 365 377 378 403 404 408 416 417 418 419 422 441
564 53 104 107 210 350 365 377 378
565 270 271 341 342 343 344 345 346 347 348
566 53 92 104 140 143 193 210 231 265 291 305 306 323 324 327 329 350 358 361 362 363 376 377 378 386 387 388 389 412 413 414
567 28 94 133 177 208 209 307 308 309
568 41 53 103 104 115 210 322 328 350 377 378 404 553
569 48 55 57 59 64 114 115 169 204 248 267 323 324 329 377 378 447 542 543
570 43 44 115 182 336 337
571 43 44 78 115 322
572 18 167 311 312 313 314 315 316 317 318 338 367 368 369 370 371 372 373 374
573 23 24 26 27 41 53 104 114 136 222 232 351 422
574 9 216
575 13 16 166 233 234 235 236 237 238 239 240 241 242 243 395 560
576 310
577 18 311 312 313 314 315 316 317 318
578 319
579 320
580 92
581 321
582 37 46
583 322
584 323 324
585 1
586 53 140
587 325 326
588 104
589 328
590 46
591 209
592 92 141 282 291 323 324 326 337 338
593 339 340 341 342 343 344 345 346 347 348
594 349
595 210 350
596 46
597 328
598 26 118 134 258 351 352 353 354 355
599 133 143 210 323 324 326 350 357 358 359 360 361 362 363
600 133 143 210 323 324 326 350 357 358 359 360 361 362 363
601 115 364
602 365
603 366
604 366
605 115
606 341 342 343 344 345 346 347 348
607 337
608 140 341 342 343 344 345 346 347 348
609 18 311 312 313 314 315 316 317 318
610 18 311 312 313 314 315 316 317 318
611 140
612 394
613 90 218
614 209 356
615 53 180
616 129 247 397
617 210 350 400
618 341 342 343 344 345 346 347 348
619 356
620 11 61 62
621 106
622 282
623 53 92 104 140 143 193 210 291 323 324 327 329 350 358 361 362 363 376 377 378 386 387 388 389 412 413 414
624 53 92 104 140 143 193 210 291 323 324 327 329 350 358 361 362 363 376 377 378 386 387 388 389 412 413 414
625 53 92 104 140 193 210 265 291 305 323 324 327 329 350 361 362 363 376 377 378 386 387 388 389 412 413 414
626 18 311 312 313 314 315 316 317 318
627 328
628 136 422
629 171
630 90
631 337
632 53 108 161
633 328
634 11 61 62 328 341 342 343 344 345 347 348
635 18 311 312 313 314 315 316 317 318
636 327
637 46 375
638 0 18 36 311 312 313 314 315 316 317 318 327 338 367 368 369 370 371 372 373 374
639 433
640 46
641 1 26 104 209 351 377 378
642 46 143 210 291 350 358
643 366
644 323 324 325 326
645 1 70 92 108 161 162 180 193 323 324 349 366 435 436 437 438 439 440
646 323 324
647 218
648 329
649 327
650 400
651 18 311 312 313 314 315 316 317 318
652 104
653 104
654 118 341 342 343 344 345 346 347 348
655 26 46 351
656 26 351 355
657 46
658 1
659 18 311 312 313 314 315 316 317 318 395
660 92
661 210 350
662 11 53 61 62 92 104 114 118 210 223 327 350 366 377 378 448
663 44 258 354
664 114 291 453
665 53 323 324 366
666 90
667 90
668 90 383 444
669 46
670 457
671 114
672 65 108 161 310 328 416 417 418 419 424
673 328
674 18 311 312 313 314 315 316 317 318
675 1 366
676 46
677 57 115
678 64 323 324 329
679 1 291
680 70
681 90 114 218 336
682 53 104 118 180 209 460
683 327 449
684 341 342 343 344 345 346 347 348
685 114 291
686 288 458
687 338
688 323 324
689 84 323 324 375
690 337
691 134 352 463 464
692 104
693 84 375
694 135 141 150 180
695 1 11 26 53 61 62 67 78 92 104 114 135 140 145 209 210 218 291 323 324 328 350 351 365 366 375 377 378 465 466 467
696 0
697 53 65 67 104 107 108 114 136 140 142 143 150 151 158 161 210 283 291 310 320 322 328 350 358 359 360 365 377 378 403 404 408 416 417 418 419 422 424 427 468 469 470 471
698 327
699 104 193 223 473 474 475
700 377 378 476
701 329
702 329
703 27 142 212 365 377 378
704 53 104 288 341 342 343 344 345 346 347 348 458
705 357
706 0 53 180 209 283 357 359 360 479
707 18 311 312 313 314 315 316 317 318
708 457
709 1 92
710 46 323 324
711 70
712 11 61 62
713 115 375 483 484 485
714 327
715 53 323 324 377 378
716 383
717 489
718 37
719 1 291 349
720 323 324 383 386 387 388 389
721 100
722 327 338
723 11 61 62 420
724 46
725 46 327
726 53 104
727 328 329
728 182
729 118
730 323 324 383
731 44 336
732 26 53 104 223 264 291 319 323 324 327 351 366 404
733 366
734 338
735 495
736 26 351
737 11 61 62 328 486
738 53 135 408
739 70 366 435 436 437 438 496
740 92 367 368 369 370 371 372 373 374
741 44
742 37 322 366
743 134 352
744 106
745 327
746 338
747 341 342 343 344 345 346 347 348
748 18 311 312 313 314 315 316 317 318
749 327
750 18 311 312 313 314 315 316 317 318
751 44
752 1 18 53 134 136 193 209 283 311 312 313 314 315 316 317 318 326 329 339 341 342 343 344 345 346 347 348 352 357 376 422 502
753 53
754 44 336
755 337
756 367 368 369 370 371 372 373 374
757 291 310
758 53 104 115 134 140 210 291 350 352 365
759 90
760 44 46 53 92 104 118 210 350 366 375 377 378 457 511
761 135 377 378
762 46
763 46
764 46
765 46
766 512
767 193 337 365
768 329
769 328
770 44
771 44
772 291
773 492 513
774 46
775 209
776 100
777 65 328 337 339 416 417 418 419
778 477
779 46
780 341 342 343 344 345 346 347 348
781 58 193 210 326 350
782 367 368 369 370 371 372 373 374
783 327
784 46
785 495
786 337
787 0
788 53
789 104 356 375 398 475 520
790 44
791 323 324 366
792 327
793 327
794 349
795 26 351
796 328 427
797 457
798 1
799 331
800 210 350 520
801 338
802 107 143 210 350 358 377 378
803 118
804 375
805 44 457
806 92
807 11 61 62
808 327
809 193
810 53
811 104
812 218
813 182
814 115
815 46 367 368 369 370 371 372 373 374 535
816 434
817 376
818 143 329 358
819 209 327 338
820 92 396
821 104
822 107
823 11 61 62 65 328 359 360 416 417 418 419
824 26 51 65 104 130 209 210 323 324 327 350 351 367 368 369 370 371 372 373 374 375 416 417 418 419 512
825 493
826 53 140 150 210 310 350 365 403 408 427
827 143 291 358
828 210 341 342 343 344 345 346 347 348 350
829 37 323 324 328
830 541
831 0 78 118 218
832 209
833 180
834 182 209 365
835 327 338
836 115 323 324
837 356
838 58 338 367 368 369 370 371 372 373 374
839 338
840 18 51 311 312 313 314 315 316 317 318 338 396
841 18 209 311 312 313 314 315 316 317 318
842 44
843 46
844 266
845 46
846 65 67 283 341 342 343 344 345 346 347 348 416 417 418 419 427 546 547
847 65 67 283 341 342 343 344 345 346 347 348 416 417 418 419 427 546 547
848 210 350
849 210 350
850 548
851 0
852 0 46 115 167 234 239 329 349 366
853 26 351 400 501
854 141
855 327 338
856 53 365
857 104
858 329
859 375
860 53 104 134 291 352 365
861 46 323 324
862 51 53 118 167 209 327 338 446
863 104
864 11 53 61 62 134 140 291 323 324 352 377 378
865 549 550 551
866 1 366
867 115 282 291 323 324 366
868 140
869 143 358
870 359 360
871 53
872 53
873 78 118
874 134 135 352 377 378
875 282
876 0 36 264 327
877 46 323 324 386 387 388 389
878 53 115 366
879 114
880 328
881 421
882 53 140 180
883 104 490
884 326
885 46
886 104 359 360
887 356
888 53 104 135
889 136 422
890 108 161 494
891 328 556
892 37 51
893 65 283 328 339 349 416 417 418 419 463 557
894 356
895 327
896 472
897 18 311 312 313 314 315 316 317 318
898 18 209 311 312 313 314 315 316 317 318 338
899 0 36 58 228 327 338 396
900 323 324
901 433
902 11 61 62 328 486
903 46 84 209 434 562
904 18 311 312 313 314 315 316 317 318
905 18 167 311 312 313 314 315 316 317 318
906 46 115
907 337
908 46
909 326
910 129 247
911 367 368 369 370 371 372 373 374
912 421
913 490
914 448
915 92
916 180 322
917 46 535
918 46
919 258 354
920 46
921 323 324 366
922 70 359 360 366 386 387 388 389
923 107 114 143 310 358 404
924 44
925 375
926 234 239
927 46
928 546 547
929 104
930 134 352 377 378
931 338
932 140
933 18 311 312 313 314 315 316 317 318 444
934 1 11 26 44 53 61 62 64 84 92 104 114 115 118 130 134 135 136 141 143 145 180 182 193 209 264 291 310 322 323 324 326 328 329 336 351 352 358 365 366 375 377 378 383 386 387 388 389 405 406 407 408 422 426 442 444 447 494 501 533 534 565 566 567 568
935 328
936 78
937 46
938 234 239 504
939 92 134 352 375 377 378 444
940 375
941 44 336
942 139 445
943 283 291
944 78 114 501
945 338
946 18 311 312 313 314 315 316 317 318
947 375
948 367 368 369 370 371 372 373 374
949 1
950 51 338 375
951 53 141 193
952 18 311 312 313 314 315 316 317 318
953 46 323 324
954 323 324
955 37
956 84 108 114 161 291 341 342 343 344 345 346 347 348 359 360 366 367 368 369 370 371 372 373 374 574
957 46 140 400 454 455
958 576
959 46
960 158 400
961 104 143 358 365
962 396
963 1
964 477
965 495
966 26 351
967 367 368 369 370 371 372 373 374
968 367 368 369 370 371 372 373 374
969 323 324
970 18 36 311 312 313 314 315 316 317 318 327 472
971 90
972 46 323 324 359 360 447 454 455 533 534
973 341 342 343 344 345 346 347 348
974 135 210 350
975 11 61 62 328
976 104 541
977 456
978 118 140 363 386 387 388 389
979 53 107 114 140 143 150 247 310 322 358 365 404
980 104
981 26 53 182 351 366
982 218
983 328 557
984 336
985 337
986 46
987 65 328 341 342 343 344 345 346 347 348 377 378 416 417 418 419 425 546 547 579
988 115
989 53
990 365
991 377 378
992 36 58 327 338 481
993 18 58 92 209 311 312 313 314 315 316 317 318 327 329 338
994 327
995 291 365 463
996 323 324 329
997 46
998 234 239 327
999 341 342 343 344 345 346 347 348
1000 53
1001 106 375
1002 51 223
1003 107 108 128 129 161 247 310 397
1004 12 337 349 582 583
1005 53 291
1006 0
1007 1
1008 53 104 107 114 134 135 136 141 150 151 210 212 310 322 350 352 365 408 422
1009 53
1010 104 140
1011 338
1012 323 324 329
1013 46 92 323 324
1014 31 134 135 352 564
1015 327
1016 1 44 104 114 141 143 193 326 338 358 366 463
1017 463
1018 463
1019 327
1020 18 311 312 313 314 315 316 317 318